1
179
180
2
4
2
3
9
16
31
33
11
2
10
24
63
134
346
472
605
571
637
631
1
1
2
3
1
2
3
3
3
2
2
3
6
2
1
1
2
2
3
3
1
2
1
1
1
2
1
1
2
2
1
1
50
2
3
2
2
15
20
35
26
3
10
14
39
118
323
532
548
609
103
652
641
2
3
5
5
4
1
1
3
4
1
3
1
3
1
5
3
3
5
9
2
2
3
2
1
1
1
1
1
1
2
24
7
1
3
2
17
16
10
1
14
1
5
4
3
16
66
132
200
249
216
163
116
55
24
5
12
4
4
5
2
2
2
1
2
3
4
3
3
2
4
5
3
2
5
3
2
1
1
3
2
1
4
1
1
1
1
4
2
4
6
10
8
7
5
3
2
2
1
4
1
4
1
6
2
1
2
2
2
2
2
1
3
1
1
2
1
1
1
2
2
2
2
1
2
3
2
2
1
1
34
1
6
7
4
4
5
5
1
1
1
2
1
2
2
2
2
3
1
2
2
2
1
4
2
2
2
2
2
2
7
1
2
3
4
2
5
2
3
2
2
1
5
3
3
1
1
1
1
6
1
2
3
2
11
9
5
6
3
1
4
1
1
1
1
2
1
2
2
1
2
1
1
2
2
1
2
2
3
3
4
1
2
4
5
4
7
2
5
2
4
7
1
1
1
2
1
1
1
2
1
2
1
3
2
1
2
6
5
5
4
1
1
1
1
1
1
1
1
1
2
2
1
1
1
2
1
6
4
6
1
2
1
3
1
2
4
2
1
1
1
1
8
2
2
1
3
2
1
2
1
15
33
4
2
4
2
2
3
4
2
1
8
11
2
1
3
1
3
1
2
1
1
1
1
1
2
2
1
2
4
4
10
5
1
5
2
3
3
2
1
2
8
4
3
1
4
4
1
1
1
1
1
9
47
170
367
448
142
1
4
5
1
4
2
2
2
4
5
4
2
1
3
1
1
1
1
3
3
2
2
1
1
1
1
3
1
2
3
2
1
2
2
2
2
2
3
5
1
4
2
1
1
2
1
2
2
1
1
4
74
243
280
3
2
2
1
2
1
2
4
3
3
5
4
3
1
2
1
2
2
2
1
3
3
1
2
4
2
1
2
7
2
4
2
5
1
1
1
1
5
2
2
3
2
2
4
4
4
3
4
8
11
3
2
3
2
2
3
1
1
4
41
3
4
1
2
1
4
6
1
1
2
4
1
2
1
1
1
1
4
1
3
2
1
1
4
1
2
1
1
1
1
2
3
2
2
5
11
2
2
4
6
11
15
8
1
1
1
1
1
2
1
8
1
3
5
3
4
5
4
2
3
4
2
1
3
5
1
1
1
2
1
1
1
1
1
7
3
4
2
2
4
2
3
1
2
1
2
3
1
1
4
1
4
4
3
5
5
18
3
1
2
2
1
1
1
1
1
136
3
4
1
3
3
2
8
14
17
32
5
2
2
2
1
1
1
1
1
2
1
2
1
2
2
1
1
5
2
2
2
2
1
4
1
9
19
25
2
6
2
1
1
1
3
1
5
3
3
1
2
12
16
31
44
82
18
5
4
27
63
93
100
39
7
3
1
2
1
2
1
2
1
2
2
4
1
2
1
3
3
3
2
1
2
4
1
5
9
1
3
2
4
3
1
1
1
3
2
4
4
5
1
4
15
24
43
75
54
1
5
2
2
2
1
1
4
4
2
1
1
1
1
1
1
1
1
1
1
2
1
1
1
1
1
1
1
1
1
1
8
475
575
664
649
615
125
41
38
54
78
589
594
519
349
189
68
19
4
3
4
1
2
3
1
6
3
2
2
3
1
1
1
2
2
2
3
1
2
1
2
1
2
2
1
1
1
1
2
1
3
1
1
1
2
2
4
222
288
365
420
397
489
494
449
374
283
126
35
8
1
1
2
3
1
2
1
3
4
2
2
4
1
1
3
2
2
6
3
1
1
2
2
2
1
2
2
1
2
1
3
1
2
1
1
1
1
1
1
1
1
1
3
3
7
7
2
3
2
1
1
1
2
2
3
3
2
3
6
12
3
5
2
1
2
4
2
3
1
2
2
4
4
4
1
2
3
2
3
4
2
2
2
2
2
1
1
1
2
1
1
5
5
6
2
4
2
2
5
1
3
1
2
2
2
2
1
1
3
1
1
3
2
4
3
1
4
6
5
3
4
2
2
2
1
5
1
1
1
2
1
1
1
1
2
1
2
2
1
3
1
1
1
1
1
1
1
1
1
1
1
1
1
1
1
1
1
3
2
2
3
2
4
8
3
2
7
1
2
1
3
1
1
1
2
5
3
1
1
2
6
4
3
3
4
5
2
1
1
1
2
1
1
1
1
1
1
1
2
4
2
1
1
1
1
1
5
13
13
25
11
8
2
4
1
1
1
3
1
2
3
5
9
9
6
8
7
9
1
3
1
1
1
2
1
7
2
3
4
3
1
1
2
1
3
1
2
1
1
1
1
2
1
1
1
1
3
1
2
5
7
22
59
98
106
98
91
85
58
38
21
11
10
2
4
1
1
1
2
3
1
2
1
6
3
10
12
11
3
1
4
3
5
1
2
1
1
2
1
1
1
1
1
2
2
1
1
1
1
8
18
33
70
131
190
297
363
411
470
456
423
390
357
328
245
193
140
94
84
38
20
6
4
2
1
4
1
2
1
3
1
1
3
2
1
1
1
1
1
1
2
4
2
96
126
218
321
383
459
563
599
650
650
619
636
630
625
590
612
542
565
509
434
343
240
154
68
43
23
7
1
2
1
1
4
1
1
1
1
1
2
1
1
1
1
1
1
1
1
2
1
2
2
1
3
6
5
1
1
2
1
2
1
4
3
2
2
1
2
1
1
1
1
1
1
2
1
2
1
1
1
2
1
1
3
1
2
3
2
1
1
1
2
2
3
1
6
1
3
16
48
99
176
237
266
245
231
188
107
81
65
32
17
6
7
4
5
1
3
1
4
2
6
2
11
6
1
3
1
1
5
2
2
1
2
2
2
1
1
1
1
2
3
1
1
2
1
1
1
1
1
1
1
1
1
1
2
2
1
2
1
1
1
3
1
3
2
5
4
138
171
287
404
509
603
577
581
605
589
587
557
530
497
437
329
223
173
87
55
27
7
4
2
2
4
2
1
1
3
2
1
1
3
2
1
1
1
1
2
1
1
1
1
1
1
1
1
1
1
1
1
1
2
1
2
1
3
1
7
7
253
359
441
491
561
615
627
606
594
596
642
575
570
605
564
505
399
246
135
42
14
1
2
1
1
2
1
2
1
1
2
1
2
1
2
2
3
2
1
1
1
1
1
1
1
1
1
2
1
1
1
1
2
1
1
1
2
2
4
2
1
1
2
2
3
5
58
108
136
164
215
228
255
236
226
183
139
68
22
17
6
1
1
1
2
1
1
2
1
2
2
2
1
1
2
4
1
1
2
1
1
3
1
2
1
2
1
2
1
1
1
1
2
1
1
1
1
1
1
1
1
1
1
2
4
1
1
1
1
2
1
1
4
1
2
2
2
2
4
9
3
4
